Station, Year, Average Temperature	
1001099999, 2022, 30.36	
1001099999, 2023, 32.31	
1001099999, 2024, 33.42	
1001099999, 2025, 34.24	
1001499999, 2022, 49.50	
1001499999, 2023, 48.69	
1001499999, 2024, 49.81	
1001499999, 2025, 50.24	
1002099999, 2023, 19.00	
1002099999, 2024, 26.15	
1002099999, 2025, 24.10	
1003099999, 2022, 25.41	
1003099999, 2023, 24.62	
1003099999, 2024, 28.12	
1003099999, 2025, 21.10	
1006099999, 2022, 1.42	
1006099999, 2023, 20.87	
1006099999, 2024, 24.95	
1006099999, 2025, 23.41	
1007099999, 2022, 21.34	
1007099999, 2023, 27.55	
1007099999, 2024, 28.30	
1007099999, 2025, 28.97	
1008099999, 2022, 28.01	
1008099999, 2023, 28.66	
1008099999, 2024, 28.32	
1008099999, 2025, 28.61	
1009099999, 2022, 13.80	
1009099999, 2023, 18.90	
1009099999, 2024, 23.11	
1009099999, 2025, 22.03	
1010099999, 2022, 40.97	
1010099999, 2023, 40.26	
1010099999, 2024, 42.23	
1010099999, 2025, 42.07	
1011099999, 2023, 16.24	
1011099999, 2024, 21.64	
1011099999, 2025, 22.01	
1015099999, 2022, 28.00	
1015099999, 2023, 33.03	
1015099999, 2024, 43.55	
1015099999, 2025, 41.94	
1016099999, 2022, 0.88	
1016099999, 2023, 19.17	
1016099999, 2024, 23.44	
1016099999, 2025, 22.15	
1017099999, 2023, 24.27	
1017099999, 2024, 27.26	
1017099999, 2025, 28.01	
1020099999, 2022, 9.90	
1020099999, 2023, 26.81	
1020099999, 2024, 26.22	
1020099999, 2025, 27.95	
1023099999, 2022, 35.09	
1023099999, 2023, 34.37	
1023099999, 2024, 38.12	
1023099999, 2025, 39.25	
1023199999, 2022, 46.08	
1023199999, 2023, 46.24	
1023199999, 2024, 47.20	
1023199999, 2025, 47.21	
1025099999, 2022, 39.16	
1025099999, 2023, 38.51	
1025099999, 2024, 40.88	
1025099999, 2025, 40.81	
1026099999, 2022, 32.83	
1026099999, 2023, 38.57	
1026099999, 2024, 40.91	
1026099999, 2025, 40.85	
1027099999, 2022, 31.73	
1027099999, 2023, 38.35	
1027099999, 2024, 42.12	
1027099999, 2025, 41.47	
1028099999, 2022, 30.99	
1028099999, 2023, 31.36	
1028099999, 2024, 33.42	
1028099999, 2025, 32.55	
1030099999, 2022, 20.31	
1030099999, 2023, 18.70	
1030099999, 2024, 29.94	
1030099999, 2025, 30.54	
1033099999, 2022, 49.86	
1033099999, 2023, 33.98	
1033099999, 2024, 42.81	
1033099999, 2025, 42.09	
1035099999, 2023, 21.99	
1035099999, 2024, 34.52	
1035099999, 2025, 34.44	
1037099999, 2022, 39.67	
1037099999, 2023, 22.36	
1037099999, 2024, 40.43	
1037099999, 2025, 41.13	
1042099999, 2022, 41.08	
1042099999, 2023, 24.24	
1042099999, 2024, 38.67	
1042099999, 2025, 41.30	
1043099999, 2022, 38.90	
1043099999, 2023, 28.91	
1043099999, 2024, 40.74	
1043099999, 2025, 40.48	
1044099999, 2022, 40.75	
1044099999, 2023, 39.57	
1044099999, 2024, 41.52	
1044099999, 2025, 40.50	
1045099999, 2022, 32.74	
1045099999, 2023, 39.04	
1045099999, 2024, 41.14	
1045099999, 2025, 41.00	
1046099999, 2022, 39.11	
1046099999, 2023, 37.95	
1046099999, 2024, 40.30	
1046099999, 2025, 40.63	
1047099999, 2022, 47.25	
1047099999, 2023, 10.23	
1047099999, 2024, 33.92	
1047099999, 2025, 35.18	
1049099999, 2022, 36.89	
1049099999, 2023, 36.77	
1049099999, 2024, 39.16	
1049099999, 2025, 39.40	
1052099999, 2022, 38.55	
1052099999, 2023, 37.86	
1052099999, 2024, 40.00	
1052099999, 2025, 39.16	
1055099999, 2022, 38.29	
1055099999, 2023, 36.01	
1055099999, 2024, 43.01	
1055099999, 2025, 39.80	
1058099999, 2022, 6.30	
1058099999, 2023, 12.84	
1058099999, 2024, 32.49	
1058099999, 2025, 33.11	
1059099999, 2022, 36.78	
1059099999, 2023, 35.89	
1059099999, 2024, 38.14	
1059099999, 2025, 38.56	
1062099999, 2022, 25.16	
1062099999, 2023, 29.22	
1062099999, 2024, 28.36	
1062099999, 2025, 26.95	
1065099999, 2022, 34.76	
1065099999, 2023, 12.80	
1065099999, 2024, 32.37	
1065099999, 2025, 34.07	
1068099999, 2022, 39.70	
1068099999, 2023, 38.57	
1068099999, 2024, 40.52	
1068099999, 2025, 39.54	
1074099999, 2022, 38.46	
1074099999, 2023, 37.22	
1074099999, 2024, 39.13	
1074099999, 2025, 38.46	
1076099999, 2022, 10.92	
1076099999, 2023, 32.81	
1076099999, 2024, 35.48	
1076099999, 2025, 36.12	
1078099999, 2022, 42.46	
1078099999, 2023, 29.71	
1078099999, 2024, 39.17	
1078099999, 2025, 38.54	
1082099999, 2022, 24.01	
1082099999, 2023, 15.85	
1082099999, 2024, 35.47	
1082099999, 2025, 35.94	
1083099999, 2022, 38.54	
1083099999, 2023, 37.29	
1083099999, 2024, 38.89	
1083099999, 2025, 38.48	
1084099999, 2022, 24.88	
1084099999, 2023, 33.06	
1084099999, 2024, 35.11	
1084099999, 2025, 36.35	
1086099999, 2022, 35.93	
1086099999, 2023, 34.60	
1086099999, 2024, 36.55	
1086099999, 2025, 35.76	
1087699999, 2022, 44.44	
1087699999, 2023, 43.96	
1087699999, 2024, 45.06	
1087699999, 2025, 45.50	
1087799999, 2022, 47.78	
1087799999, 2023, 47.23	
1087799999, 2024, 48.36	
1087799999, 2025, 48.47	
1087899999, 2022, 47.76	
1087899999, 2023, 47.55	
1087899999, 2024, 48.18	
1087899999, 2025, 48.85	
1087999999, 2022, 47.14	
1087999999, 2023, 47.51	
1087999999, 2024, 48.10	
1087999999, 2025, 48.66	
1088099999, 2022, 36.97	
1088099999, 2023, 36.12	
1088099999, 2024, 37.40	
1088099999, 2025, 37.60	
